{
  "advancedEditorSelectedIdentifier" : "ProjectBrowser",
  "openSceneRelativePaths" : [
    "Scene.usda",
    "Fireworks.usda"
  ],
  "recentIdentifiers" : {
    "53CE5FF5-73B0-4E49-878B-29876F771957" : [

    ]
  },
  "sceneCameraHistory" : {
    "53CE5FF5-73B0-4E49-878B-29876F771957" : [
      {
        "date" : 714755133.22766399,
        "title" : "Untitled",
        "transform" : [
          0.99972140789031982,
          0,
          0.023603154346346855,
          0,
          0.011628028005361557,
          0.87022912502288818,
          -0.49250996112823486,
          0,
          -0.020540151745080948,
          0.4926472008228302,
          0.86998671293258667,
          0,
          -0.21465271711349487,
          2.8946678638458252,
          2.6281757354736328,
          1
        ]
      },
      {
        "date" : 714754160.38869202,
        "title" : "Untitled",
        "transform" : [
          0.99972140789031982,
          0,
          0.023603154346346855,
          0,
          0.011628028005361557,
          0.87022912502288818,
          -0.49250996112823486,
          0,
          -0.020540151745080948,
          0.4926472008228302,
          0.86998671293258667,
          0,
          -0.17579150199890137,
          1.9626014232635498,
          0.98219960927963257,
          1
        ]
      },
      {
        "date" : 714753418.28606403,
        "title" : "Untitled",
        "transform" : [
          0.99972140789031982,
          0,
          0.023603154346346855,
          0,
          0.011628028005361557,
          0.87022912502288818,
          -0.49250996112823486,
          0,
          -0.020540151745080948,
          0.4926472008228302,
          0.86998671293258667,
          0,
          -0.32674914598464966,
          2.359851598739624,
          2.2550106048583984,
          1
        ]
      },
      {
        "date" : 714753414.651528,
        "title" : "Untitled",
        "transform" : [
          0.99972140789031982,
          0,
          0.023603154346346855,
          0,
          0.011628028005361557,
          0.87022912502288818,
          -0.49250996112823486,
          0,
          -0.020540151745080948,
          0.4926472008228302,
          0.86998671293258667,
          0,
          -0.42282432317733765,
          2.8863325119018555,
          3.5158805847167969,
          1
        ]
      },
      {
        "date" : 714753409.61928201,
        "title" : "Untitled",
        "transform" : [
          0.99972140789031982,
          0,
          0.023603154346346855,
          0,
          0.011628028005361557,
          0.87022912502288818,
          -0.49250996112823486,
          0,
          -0.020540151745080948,
          0.4926472008228302,
          0.86998671293258667,
          0,
          -22.845441818237305,
          36.571189880371094,
          88.944114685058594,
          1
        ]
      },
      {
        "date" : 714753408.41743898,
        "title" : "Untitled",
        "transform" : [
          0.99972140789031982,
          0,
          0.023603154346346855,
          0,
          0.011628028005361557,
          0.87022912502288818,
          -0.49250996112823486,
          0,
          -0.020540151745080948,
          0.4926472008228302,
          0.86998671293258667,
          0,
          -26.609804153442383,
          32.651069641113281,
          91.075088500976562,
          1
        ]
      },
      {
        "date" : 714753405.72292495,
        "title" : "Untitled",
        "transform" : [
          0.99972140789031982,
          0,
          0.023603154346346855,
          0,
          0.011628028005361557,
          0.87022912502288818,
          -0.49250996112823486,
          0,
          -0.020540151745080948,
          0.4926472008228302,
          0.86998671293258667,
          0,
          -10.371095657348633,
          24.459575653076172,
          96.719581604003906,
          1
        ]
      },
      {
        "date" : 714752274.81945097,
        "title" : "Untitled",
        "transform" : [
          0.99972140789031982,
          0,
          0.023603154346346855,
          0,
          0.011628028005361557,
          0.87022912502288818,
          -0.49250996112823486,
          0,
          -0.020540151745080948,
          0.4926472008228302,
          0.86998671293258667,
          0,
          -0.038947194814682007,
          0.41762691736221313,
          0.62668466567993164,
          1
        ]
      },
      {
        "date" : 714752263.31939399,
        "title" : "Untitled",
        "transform" : [
          0.99972140789031982,
          0,
          0.023603154346346855,
          0,
          0.011628028005361557,
          0.87022912502288818,
          -0.49250996112823486,
          0,
          -0.020540151745080948,
          0.4926472008228302,
          0.86998671293258667,
          0,
          0.0067125554196536541,
          0.41497582197189331,
          0.62926393747329712,
          1
        ]
      },
      {
        "date" : 714752197.25210404,
        "title" : "Untitled",
        "transform" : [
          0.99972140789031982,
          0,
          0.023603154346346855,
          0,
          0.011628028005361557,
          0.87022912502288818,
          -0.49250996112823486,
          0,
          -0.020540151745080948,
          0.4926472008228302,
          0.86998671293258667,
          0,
          -0.0024476107209920883,
          0.40747404098510742,
          0.61788833141326904,
          1
        ]
      }
    ],
    "883A2987-F321-40E2-8EE3-2F2A2F9FDFB6" : [
      {
        "date" : 714751581.50610995,
        "title" : "Untitled",
        "transform" : [
          1,
          0,
          0,
          0,
          0,
          0.86602544784545898,
          -0.49999988079071045,
          0,
          0,
          0.49999988079071045,
          0.86602544784545898,
          0,
          -0.019783124327659607,
          0.9733307957649231,
          0.94326996803283691,
          1
        ]
      },
      {
        "date" : 714750867.89246798,
        "title" : "Untitled",
        "transform" : [
          1,
          0,
          0,
          0,
          0,
          0.86602544784545898,
          -0.49999988079071045,
          0,
          0,
          0.49999988079071045,
          0.86602544784545898,
          0,
          -0.037141844630241394,
          0.36332723498344421,
          0.56327396631240845,
          1
        ]
      },
      {
        "date" : 714750550.11332595,
        "title" : "Untitled",
        "transform" : [
          1,
          0,
          0,
          0,
          0,
          0.86602544784545898,
          -0.49999988079071045,
          0,
          0,
          0.49999988079071045,
          0.86602544784545898,
          0,
          0,
          0.20826540887355804,
          0.36072629690170288,
          1
        ]
      }
    ],
    "AF09ED6F-1707-48FD-8720-65B998362C09" : [
      {
        "date" : 714750503.05676603,
        "title" : "Untitled",
        "transform" : [
          1,
          0,
          0,
          0,
          0,
          0.86602455377578735,
          -0.50000149011611938,
          0,
          0,
          0.50000149011611938,
          0.86602455377578735,
          0,
          0,
          3.636533260345459,
          4.1813216209411621,
          1
        ]
      }
    ],
    "D66134B1-3681-4A8E-AFE5-29F257229F3B" : [
      {
        "date" : 714750523.39615405,
        "title" : "Untitled",
        "transform" : [
          1,
          0,
          0,
          0,
          0,
          0.86602544784545898,
          -0.49999994039535522,
          0,
          0,
          0.49999994039535522,
          0.86602544784545898,
          0,
          0,
          0.20862501859664917,
          0.36154919862747192,
          1
        ]
      }
    ]
  },
  "selectedSceneRelativePath" : "Fireworks.usda"
}