{
  "advancedEditorSelectedIdentifier" : "ProjectBrowser",
  "openSceneRelativePaths" : [

  ],
  "recentIdentifiers" : {
    "AF09ED6F-1707-48FD-8720-65B998362C09" : [

    ]
  },
  "sceneCameraHistory" : {
    "AF09ED6F-1707-48FD-8720-65B998362C09" : [
      {
        "date" : 710415966.75041902,
        "title" : "Untitled",
        "transform" : [
          0.99999529123306274,
          3.837606447898434e-12,
          0.0030926910694688559,
          0,
          0.0018239576602354646,
          0.8075757622718811,
          -0.58976113796234131,
          0,
          -0.0024975824635475874,
          0.58976387977600098,
          0.80757194757461548,
          0,
          -0.0035067955031991005,
          0.67373287677764893,
          0.69184470176696777,
          1
        ]
      },
      {
        "date" : 710415958.79660296,
        "title" : "Untitled",
        "transform" : [
          0.99999529123306274,
          3.837606447898434e-12,
          0.0030926910694688559,
          0,
          0.0018239576602354646,
          0.8075757622718811,
          -0.58976113796234131,
          0,
          -0.0024975824635475874,
          0.58976387977600098,
          0.80757194757461548,
          0,
          -0.009779706597328186,
          1.8788976669311523,
          1.9294075965881348,
          1
        ]
      },
      {
        "date" : 710415931.95747805,
        "title" : "Untitled",
        "transform" : [
          0.99999994039535522,
          3.837606447898434e-12,
          -0.0004168254672549665,
          0,
          -0.0002458286180626601,
          0.8075757622718811,
          -0.58976387977600098,
          0,
          0.00033661816269159317,
          0.58976387977600098,
          0.80757570266723633,
          0,
          0.0013727537589147687,
          2.4051010608673096,
          0.30213093757629395,
          1
        ]
      }
    ]
  }
}